%YAML:1.0
---
Count: 4
Element0: [ 13., 50., 3.1680965423583984e-01 ]
Element1: [ 12., 42., 3.2603698968887329e-01 ]
Element2: [ 6., 28., 6.7894035577774048e-01 ]
Element3: [ 24., 60., 4.4888917356729507e-02 ]
