%YAML:1.0
Count: 5
Element0: !!opencv-matrix
   rows: 32
   cols: 1
   dt: f
   data: [ 8.00961163e-04, 0., 8.00961163e-04, 3.44413295e-02,
       1.48177817e-01, 1.26551867e-01, 1.60192236e-01, 6.88826591e-02,
       5.92711270e-02, 6.88826591e-02, 7.36884251e-02, 1.08129755e-01,
       4.88586307e-01, 1., 2.16259509e-01, 1.68201849e-02,
       6.64797798e-02, 4.80576679e-02, 3.60432528e-02, 4.80576698e-03,
       0., 0., 0., 0., 0., 0., 0., 0., 0., 0., 0., 0. ]
Element1: !!opencv-matrix
   rows: 32
   cols: 1
   dt: f
   data: [ 1.46163220e-03, 9.74421448e-04, 9.74421448e-04,
       1.75395869e-02, 7.94153512e-02, 8.23386088e-02, 1.02314249e-01,
       3.84896472e-02, 4.28745449e-02, 4.43361774e-02, 4.28745449e-02,
       6.52862340e-02, 2.89646775e-01, 1., 1.19366631e-01,
       1.85140073e-02, 4.19001207e-02, 2.87454333e-02, 1.55907432e-02,
       3.41047510e-03, 4.87210724e-04, 0., 0., 0., 4.87210724e-04, 0.,
       0., 0., 4.87210724e-04, 0., 0., 0. ]
Element2: !!opencv-matrix
   rows: 32
   cols: 1
   dt: f
   data: [ 5.96747734e-04, 5.96747734e-04, 2.98373867e-04,
       1.37251979e-02, 4.02804725e-02, 6.02715202e-02, 6.32552579e-02,
       2.14829184e-02, 2.65552737e-02, 2.65552737e-02, 2.29747873e-02,
       4.17723432e-02, 1.89765781e-01, 1., 7.78755769e-02,
       1.52170677e-02, 2.74503957e-02, 1.58138145e-02, 9.24959034e-03,
       1.49186933e-03, 0., 0., 0., 0., 0., 0., 0., 0., 0., 0., 0., 0. ]
Element3: !!opencv-matrix
   rows: 32
   cols: 1
   dt: f
   data: [ 1.93404892e-04, 0., 1.93404892e-04, 4.83512226e-03,
       3.32656428e-02, 3.88743840e-02, 3.84875722e-02, 1.35383429e-02,
       1.74064394e-02, 1.99207030e-02, 1.50855817e-02, 2.32085865e-02,
       1.36350453e-01, 1., 4.46765311e-02, 1.12174833e-02,
       1.37317469e-02, 1.37317469e-02, 6.57576649e-03, 1.93404892e-04,
       1.93404892e-04, 0., 0., 0., 0., 0., 0., 0., 0., 0., 0., 0. ]
Element4: !!opencv-matrix
   rows: 32
   cols: 1
   dt: f
   data: [ 6.26762747e-04, 0., 1.25352549e-03, 2.75775604e-02,
       9.40144137e-02, 1.07176431e-01, 1.45408958e-01, 4.88874950e-02,
       4.63804416e-02, 5.13945445e-02, 6.33030385e-02, 8.83735493e-02,
       3.56314629e-01, 9.99999940e-01, 1.56690687e-01, 2.13099327e-02,
       5.64086474e-02, 3.82325277e-02, 1.56690683e-02, 3.76057648e-03,
       0., 0., 0., 0., 0., 0., 0., 0., 0., 0., 0., 0. ]
