%YAML:1.0
Count: 5
Element0: !!opencv-matrix
   rows: 32
   cols: 1
   dt: f
   data: [ 1.54867256e-02, 1.55973449e-01, 3.56194675e-01,
       7.21238911e-01, 7.25663722e-01, 3.62831861e-01, 2.84292042e-01,
       2.36725658e-01, 1.54867262e-01, 1.63716808e-01, 2.19026551e-01,
       1.84734508e-01, 2.16814160e-01, 1.58185840e-01, 1.17256634e-01,
       1.09513275e-01, 1.27212390e-01, 1.39380530e-01, 1.65929198e-01,
       2.65486717e-01, 1., 8.98230076e-01, 7.45575190e-01,
       7.74336280e-03, 0., 0., 0., 0., 0., 0., 0., 0. ]
Element1: !!opencv-matrix
   rows: 32
   cols: 1
   dt: f
   data: [ 8.08189623e-03, 7.38146529e-02, 1.61637932e-01,
       3.27047408e-01, 3.36206883e-01, 2.06896544e-01, 1.73491374e-01,
       8.72844830e-02, 7.70474151e-02, 8.89008641e-02, 9.96767208e-02,
       8.18965510e-02, 1.08836204e-01, 7.32758641e-02, 6.73491359e-02,
       6.95043132e-02, 6.41163811e-02, 6.57327548e-02, 6.68103471e-02,
       1.05603449e-01, 6.41702592e-01, 1., 5.11314631e-01,
       1.02370689e-02, 0., 0., 0., 0., 0., 0., 0., 0. ]
Element2: !!opencv-matrix
   rows: 32
   cols: 1
   dt: f
   data: [ 4.81637567e-03, 3.82299833e-02, 9.21131819e-02,
       1.64358824e-01, 2.25165561e-01, 1.27934977e-01, 6.77302852e-02,
       4.69596609e-02, 4.57555689e-02, 5.05719446e-02, 5.47862723e-02,
       6.26128837e-02, 6.05057180e-02, 3.28115597e-02, 3.55207697e-02,
       3.34136076e-02, 3.64238396e-02, 3.28115597e-02, 4.06381711e-02,
       5.59903681e-02, 3.22697163e-01, 1., 6.98976517e-01,
       9.03070439e-03, 0., 0., 0., 0., 0., 0., 0., 0. ]
Element3: !!opencv-matrix
   rows: 32
   cols: 1
   dt: f
   data: [ 2.37135403e-03, 3.29618230e-02, 6.37894273e-02,
       1.38012812e-01, 1.49158165e-01, 9.95968729e-02, 7.56461918e-02,
       4.69528101e-02, 3.74673940e-02, 3.88902053e-02, 4.12615612e-02,
       3.58074456e-02, 4.36329134e-02, 3.41474973e-02, 2.79819779e-02,
       2.01565102e-02, 2.84562483e-02, 2.63220295e-02, 3.72302569e-02,
       4.14986946e-02, 4.90870297e-01, 9.12497044e-01, 1.,
       8.58430192e-02, 2.37135406e-04, 0., 0., 0., 0., 0., 0., 0. ]
Element4: !!opencv-matrix
   rows: 32
   cols: 1
   dt: f
   data: [ 1.34228189e-02, 1.06543623e-01, 2.18120813e-01,
       4.26174492e-01, 6.94630861e-01, 3.42281878e-01, 2.29865775e-01,
       1.40100673e-01, 1.16610736e-01, 1.23322152e-01, 1.25000000e-01,
       1.19966440e-01, 1.67785242e-01, 1.24161072e-01, 1.02348991e-01,
       9.64765102e-02, 1.14932887e-01, 8.55704695e-02, 1.25000000e-01,
       1.36744961e-01, 9.37919438e-01, 1., 6.53523505e-01,
       1.67785231e-02, 8.38926178e-04, 0., 0., 0., 0., 0., 0., 0. ]
