%YAML:1.0
Count: 8
Element0: [ 0., 21., 4.5217862129211426e+00 ]
Element1: [ 0., 11., 1.2651991844177246e+01 ]
Element2: [ 0., 13., 4.8266723632812500e+02 ]
Element3: [ 0., 26., 2.5751011371612549e+00 ]
Element4: [ 0., 16., 2.4515174865722656e+01 ]
Element5: [ 0., 9., 4.1690950393676758e+00 ]
Element6: [ 0., 9., 7.0469865798950195e+00 ]
Element7: [ 0., 15., 2.6502939224243164e+01 ]
