%YAML:1.0
Count: 5
Element0: !!opencv-matrix
   rows: 32
   cols: 1
   dt: f
   data: [ 0., 0., 0., 0., 1.16974972e-01, 1.98041350e-01,
       1.58324257e-01, 1.21327527e-01, 1.20239384e-01, 1.05549507e-01,
       1.10990204e-01, 1.26224160e-01, 1.46898806e-01, 1.63764954e-01,
       1.68661579e-01, 1.76278561e-01, 2.06202388e-01, 3.44396085e-01,
       1., 1.05549507e-01, 7.56256804e-02, 8.43307897e-02,
       9.95647386e-02, 5.76713793e-02, 1.63220894e-02, 1.63220894e-03,
       0., 0., 0., 0., 0., 0. ]
Element1: !!opencv-matrix
   rows: 32
   cols: 1
   dt: f
   data: [ 0., 0., 0., 0., 6.29032254e-02, 1.17741942e-01,
       9.38709751e-02, 7.61290342e-02, 7.03225806e-02, 6.06451631e-02,
       6.45161346e-02, 7.32258111e-02, 7.70967752e-02, 8.64516199e-02,
       1.03225812e-01, 1.31290331e-01, 1.62903234e-01, 2.38709688e-01,
       1., 7.74193555e-02, 4.67741936e-02, 4.51612920e-02,
       6.16129041e-02, 3.61290351e-02, 1.03225810e-02, 1.29032263e-03,
       3.22580658e-04, 0., 0., 0., 0., 0. ]
Element2: !!opencv-matrix
   rows: 32
   cols: 1
   dt: f
   data: [ 0., 0., 0., 0., 3.92640345e-02, 6.69575110e-02,
       5.89908957e-02, 4.38163877e-02, 3.71775404e-02, 3.69878598e-02,
       3.81259471e-02, 4.32473458e-02, 5.04552349e-02, 6.18361160e-02,
       7.26479515e-02, 8.55462849e-02, 1.25948399e-01, 1.73937783e-01,
       1., 4.96965088e-02, 2.80728377e-02, 2.78831553e-02,
       3.54704112e-02, 2.08649468e-02, 6.44916529e-03, 9.48406640e-04,
       1.89681334e-04, 0., 0., 0., 0., 0. ]
Element3: !!opencv-matrix
   rows: 32
   cols: 1
   dt: f
   data: [ 0., 0., 0., 0., 2.44923867e-02, 4.68274131e-02,
       3.83248739e-02, 2.91878171e-02, 2.69035548e-02, 2.39847731e-02,
       2.65228432e-02, 2.82994937e-02, 3.18527929e-02, 4.50507626e-02,
       4.79695462e-02, 6.86548278e-02, 1.21700510e-01, 2.09010154e-01,
       1., 3.09644677e-02, 1.76395942e-02, 1.92893408e-02,
       2.41116751e-02, 1.30710667e-02, 4.18781722e-03, 7.61421339e-04,
       0., 0., 0., 0., 0., 0. ]
Element4: !!opencv-matrix
   rows: 32
   cols: 1
   dt: f
   data: [ 0., 0., 0., 0., 8.43091309e-02, 1.42857134e-01,
       1.12802498e-01, 8.86026546e-02, 8.43091309e-02, 7.53317699e-02,
       7.65027329e-02, 8.46994519e-02, 9.95316133e-02, 1.22560501e-01,
       1.18657298e-01, 9.36768129e-02, 1.44808739e-01, 2.36143634e-01,
       1., 7.72833675e-02, 5.97189702e-02, 5.85480072e-02,
       7.45511279e-02, 4.21545655e-02, 1.32708820e-02, 2.34192028e-03,
       3.90320056e-04, 0., 0., 0., 0., 0. ]
