%YAML:1.0
cameraMatrix: !!opencv-matrix
   rows: 3
   cols: 3
   dt: d
   data: [ 2.1766264477804910e+02, 0., 3.1618577738677965e+02, 0.,
       2.1979486518587703e+02, 2.5962786200831897e+02, 0., 0., 1. ]
distCoeffs: !!opencv-matrix
   rows: 8
   cols: 1
   dt: d
   data: [ 1.3756039596192047e+00, 2.5495145562541038e-01,
       4.6602948573648516e-03, 9.0259734406687060e-03, 0.,
       1.7128462595452711e+00, 4.5953033005916510e-01,
       1.1536639608018083e-01 ]
