%YAML:1.0
cameraMatrix: !!opencv-matrix
   rows: 3
   cols: 3
   dt: d
   data: [ 3.8967595570485656e+02, 0., 320., 0., 3.8967595570485656e+02, 180., 0., 0., 1. ]
distCoeffs: !!opencv-matrix
   rows: 5
   cols: 1
   dt: d
   data: [ 2.4415095045367302e-01, -6.0476086326435230e-01, 0., 0., 3.6497240874704184e-01 ]
