%YAML:1.0
cameraMatrix: !!opencv-matrix
   rows: 3
   cols: 3
   dt: d
   data: [ 2.1589009796514438e+02, 0., 3.3152419128354444e+02, 0.,
       2.2106567323687335e+02, 2.5025676756233852e+02, 0., 0., 1. ]
distCoeffs: !!opencv-matrix
   rows: 8
   cols: 1
   dt: d
   data: [ -8.5494162713935318e-01, 6.1051710184259314e+00,
       2.6781606815835010e-02, -1.3972400235489926e-02, 0.,
       -8.2008719802629815e-01, 7.1695533030799270e+00,
       -9.7563253029853181e-01 ]
