%YAML:1.0
Count: 3
Element0: [ 0., 241., 7.0194959640502930e+00 ]
Element1: [ 0., 248., 3.0408482551574707e+00 ]
Element2: [ 0., 254., 1.8409155607223511e+00 ]
