%YAML:1.0
---
Count: 2
Element0: [ 0., 0., 0. ]
Element1: [ 0., 3., 3.0755219459533691e+00 ]